# DELETE FROM history_new where date between '2019-09-24 00:00:00' and '2019-09-24 23:00:00'

# SELECT page_id FROM history_new WHERE iteration_id = 91
# GROUP BY page_id



UPDATE page SET status = 1 WHERE id IN (
21,
184,
185,
265,
427,
508,
589,
590,
591,
592,
593,
594,
670,
671,
832,
913,
914,
994,
995,
996,
997,
998,
1075,
1076,
1077,
1078,
1318,
1399,
1400,
1480,
1481,
1482,
1483,
1561,
1562,
1563,
1804,
1885,
1886,
1887,
1888,
1966,
1967,
1968,
2047,
2048,
2128,
2129,
2130,
2131,
2132,
2133,
2209,
2210,
2290,
2291,
2292,
2293,
2371,
2372,
2373,
2374,
2375,
2376,
2377,
2378,
2379,
2452,
2453,
2533,
22,
100,
101,
179,
259,
339,
340,
341,
416,
417,
418,
419,
495,
574,
575,
576,
658,
738,
739,
816,
818,
819,
820,
895,
975,
1058,
1140,
1218,
1296,
1375,
1376,
1377,
1455,
1537,
1538,
1539,
1540,
1541,
1542,
1543,
1544,
1545,
1546,
1547,
1548,
1618,
1696,
1774,
1853,
1935,
1936,
2016,
2017,
2018,
2019,
2020,
2096,
2097,
2098,
2180,
2260,
2342,
2343,
2344,
2429,
2509,
2510,
2511,
23,
99,
178,
257,
258,
335,
496,
497,
573,
659,
737,
815,
821,
822,
823,
897,
976,
977,
978,
979,
1057,
1059,
1138,
1215,
1216,
1451,
1532,
1533,
1624,
1625,
1701,
1778,
1856,
1857,
1858,
1938,
1939,
2022,
2103,
2104,
2265,
2266,
2434,
2515,
2516,
2517,
2518,
2520,
2521,
2522,
2523,
2524
)



